0 0.3583984375 0.8037109375 0.1689453125 0.390625
0 0.44140625 0.6513671875 0.041015625 0.1171875
0 0.46875 0.6005859375 0.0478515625 0.115234375
0 0.568359375 0.5576171875 0.021484375 0.06640625
0 0.5947265625 0.52734375 0.0302734375 0.0478515625
0 0.6337890625 0.5166015625 0.0205078125 0.02734375
0 0.6572265625 0.515625 0.021484375 0.02734375
0 0.6884765625 0.5029296875 0.0166015625 0.0234375
0 0.7060546875 0.5 0.0107421875 0.029296875
0 0.7197265625 0.4990234375 0.0166015625 0.025390625
0 0.73828125 0.494140625 0.0224609375 0.029296875