0 0.248046875 0.68359375 0.1220703125 0.1982421875
0 0.232421875 0.4931640625 0.068359375 0.1611328125
0 0.33203125 0.236328125 0.2138671875 0.076171875
0 0.36328125 0.3583984375 0.2734375 0.1826171875
0 0.3662109375 0.3564453125 0.2734375 0.1748046875
0 0.40625 0.5234375 0.259765625 0.193359375
0 0.443359375 0.6865234375 0.2890625 0.205078125
0 0.5703125 0.228515625 0.2060546875 0.111328125
0 0.626953125 0.3291015625 0.2470703125 0.2109375
0 0.6845703125 0.4990234375 0.287109375 0.216796875
0 0.744140625 0.677734375 0.2861328125 0.2158203125
0 0.7890625 0.1982421875 0.166015625 0.087890625
0 0.828125 0.357421875 0.103515625 0.1201171875