0 0.0234375 0.224609375 0.046875 0.21484375
0 0.05859375 0.220703125 0.02734375 0.1181640625
0 0.1884765625 0.5615234375 0.26171875 0.544921875
0 0.0908203125 0.1943359375 0.03515625 0.1171875
0 0.5322265625 0.2138671875 0.83203125 0.181640625
0 0.4462890625 0.38671875 0.0595703125 0.294921875
0 0.6015625 0.5908203125 0.3203125 0.7373046875
0 0.505859375 0.294921875 0.05078125 0.1982421875
0 0.8759765625 0.783203125 0.2470703125 0.431640625
0 0.78515625 0.2919921875 0.0458984375 0.2080078125
0 0.9755859375 0.22265625 0.0478515625 0.1162109375
0 0.9853515625 0.3544921875 0.0283203125 0.1357421875