0 0.1708984375 0.5 0.29296875 0.2783203125
0 0.095703125 0.5 0.1279296875 0.267578125
0 0.146484375 0.439453125 0.041015625 0.078125
0 0.19140625 0.52734375 0.09375 0.220703125
0 0.279296875 0.5107421875 0.078125 0.2080078125
0 0.439453125 0.49609375 0.091796875 0.125
0 0.4658203125 0.501953125 0.037109375 0.115234375
0 0.5537109375 0.478515625 0.0595703125 0.0888671875
0 0.6455078125 0.4736328125 0.07421875 0.068359375
0 0.7392578125 0.4833984375 0.01953125 0.044921875
0 0.7841796875 0.4853515625 0.0439453125 0.052734375
0 0.8359375 0.4912109375 0.01171875 0.025390625