0 0.08984375 0.255859375 0.1533203125 0.37109375
0 0.08984375 0.755859375 0.1474609375 0.3486328125
0 0.2509765625 0.255859375 0.1572265625 0.37109375
0 0.2529296875 0.755859375 0.146484375 0.3642578125
0 0.4169921875 0.2451171875 0.1572265625 0.375
0 0.4189453125 0.755859375 0.1474609375 0.3486328125
0 0.58203125 0.259765625 0.1572265625 0.38671875
0 0.58203125 0.744140625 0.1513671875 0.39453125
0 0.74609375 0.251953125 0.1591796875 0.37109375
0 0.7509765625 0.7568359375 0.1533203125 0.3828125
0 0.912109375 0.76171875 0.1533203125 0.384765625
0 0.912109375 0.26171875 0.150390625 0.390625