0 0.193359375 0.5576171875 0.201171875 0.1689453125
0 0.21484375 0.67578125 0.1806640625 0.25390625
0 0.2470703125 0.5322265625 0.17578125 0.095703125
0 0.31640625 0.55859375 0.140625 0.064453125
0 0.359375 0.50390625 0.14453125 0.134765625
0 0.4248046875 0.505859375 0.12109375 0.169921875
0 0.4482421875 0.6689453125 0.166015625 0.2080078125
0 0.5068359375 0.5146484375 0.1591796875 0.181640625
0 0.5146484375 0.52734375 0.0771484375 0.1640625
0 0.8974609375 0.919921875 0.1689453125 0.158203125
0 0.90625 0.896484375 0.13671875 0.2060546875
0 0.9326171875 0.828125 0.06640625 0.1728515625
0 0.951171875 0.556640625 0.0966796875 0.1875
0 0.9814453125 0.8994140625 0.0361328125 0.1982421875