0 0.0166015625 0.6396484375 0.0322265625 0.0751953125
0 0.0703125 0.6435546875 0.0615234375 0.0732421875
0 0.1689453125 0.5927734375 0.0771484375 0.1162109375
0 0.349609375 0.552734375 0.0361328125 0.1142578125
0 0.3935546875 0.568359375 0.0849609375 0.212890625
0 0.45703125 0.5380859375 0.04296875 0.08203125
0 0.509765625 0.57421875 0.068359375 0.1796875
0 0.560546875 0.578125 0.05859375 0.2001953125
0 0.599609375 0.544921875 0.0361328125 0.1142578125
0 0.640625 0.5224609375 0.0361328125 0.0654296875
0 0.671875 0.5263671875 0.0283203125 0.0615234375
0 0.6865234375 0.5185546875 0.0234375 0.0615234375
0 0.73828125 0.5126953125 0.021484375 0.0615234375
0 0.76171875 0.5166015625 0.0322265625 0.0693359375
0 0.79296875 0.5185546875 0.0224609375 0.0693359375
0 0.8466796875 0.51953125 0.013671875 0.0712890625
0 0.896484375 0.51171875 0.0234375 0.044921875