0 0.126953125 0.6357421875 0.0234375 0.076171875
0 0.259765625 0.5888671875 0.0888671875 0.10546875
0 0.3193359375 0.5537109375 0.0283203125 0.029296875
0 0.34765625 0.548828125 0.029296875 0.0234375
0 0.361328125 0.5703125 0.02734375 0.0419921875
0 0.4326171875 0.5390625 0.0185546875 0.0283203125
0 0.5146484375 0.5439453125 0.015625 0.0439453125
0 0.548828125 0.6259765625 0.029296875 0.0654296875
0 0.576171875 0.6533203125 0.0361328125 0.1015625
0 0.6318359375 0.6201171875 0.02734375 0.0751953125
0 0.7392578125 0.5068359375 0.0166015625 0.0361328125
0 0.8115234375 0.619140625 0.029296875 0.09375
0 0.875 0.65234375 0.0927734375 0.12109375
0 0.939453125 0.560546875 0.0419921875 0.068359375