0 0.0185546875 0.9130859375 0.037109375 0.06640625
0 0.0380859375 0.955078125 0.076171875 0.08203125
0 0.10546875 0.912109375 0.1435546875 0.0712890625
0 0.0927734375 0.708984375 0.0439453125 0.046875
0 0.2236328125 0.9326171875 0.125 0.1259765625
0 0.2841796875 0.7177734375 0.05078125 0.056640625
0 0.4287109375 0.953125 0.166015625 0.08984375
0 0.4658203125 0.9375 0.181640625 0.1103515625
0 0.607421875 0.7666015625 0.07421875 0.0546875
0 0.8076171875 0.8955078125 0.1435546875 0.1162109375
0 0.939453125 0.8955078125 0.1171875 0.103515625