0 0.021484375 0.537109375 0.04296875 0.2490234375
0 0.048828125 0.4130859375 0.0966796875 0.2392578125
0 0.1181640625 0.61328125 0.1767578125 0.380859375
0 0.1025390625 0.443359375 0.05078125 0.1328125
0 0.4013671875 0.5791015625 0.6083984375 0.83984375
0 0.14453125 0.400390625 0.0517578125 0.1103515625
0 0.2275390625 0.3896484375 0.0673828125 0.1533203125
0 0.3115234375 0.423828125 0.1708984375 0.248046875
0 0.298828125 0.33203125 0.041015625 0.09375
0 0.6728515625 0.51171875 0.1865234375 0.4755859375
0 0.7109375 0.5341796875 0.26171875 0.3779296875
0 0.7392578125 0.568359375 0.2626953125 0.2275390625
0 0.9482421875 0.5498046875 0.099609375 0.212890625
0 0.9619140625 0.693359375 0.07421875 0.34375