0 0.2275390625 0.6865234375 0.013671875 0.0537109375
0 0.248046875 0.65234375 0.0341796875 0.0478515625
0 0.38671875 0.62890625 0.0283203125 0.0419921875
0 0.388671875 0.72265625 0.0185546875 0.0791015625
0 0.39453125 0.6318359375 0.02734375 0.0439453125
0 0.4091796875 0.63671875 0.033203125 0.0419921875
0 0.431640625 0.6923828125 0.01953125 0.0615234375
0 0.751953125 0.818359375 0.03125 0.109375
0 0.8046875 0.830078125 0.1123046875 0.0947265625
0 0.7900390625 0.814453125 0.048828125 0.1025390625
0 0.9091796875 0.8232421875 0.0654296875 0.0927734375