0 0.138671875 0.4912109375 0.1455078125 0.1904296875
0 0.2578125 0.4873046875 0.099609375 0.1865234375
0 0.31640625 0.51171875 0.109375 0.1748046875
0 0.38671875 0.509765625 0.13671875 0.2197265625
0 0.4716796875 0.50390625 0.1806640625 0.23046875
0 0.533203125 0.4931640625 0.0751953125 0.216796875
0 0.5859375 0.513671875 0.10546875 0.203125
0 0.6337890625 0.5234375 0.177734375 0.1982421875
0 0.7275390625 0.5224609375 0.1865234375 0.2412109375
0 0.82421875 0.5166015625 0.150390625 0.2421875
0 0.9033203125 0.52734375 0.1552734375 0.2021484375
0 0.9384765625 0.544921875 0.12109375 0.181640625