0 0.1142578125 0.8681640625 0.1884765625 0.240234375
0 0.2265625 0.76953125 0.126953125 0.2939453125
0 0.306640625 0.8017578125 0.1279296875 0.2666015625
0 0.3515625 0.615234375 0.1064453125 0.1552734375
0 0.4140625 0.501953125 0.0302734375 0.111328125
0 0.4443359375 0.650390625 0.0849609375 0.2275390625
0 0.48828125 0.46875 0.0556640625 0.16015625
0 0.5263671875 0.552734375 0.0751953125 0.18359375
0 0.5322265625 0.376953125 0.0205078125 0.0517578125
0 0.5625 0.46875 0.0400390625 0.16015625
0 0.609375 0.44140625 0.0517578125 0.146484375
0 0.7890625 0.2353515625 0.1357421875 0.1162109375
0 0.732421875 0.2470703125 0.0185546875 0.072265625
0 0.7509765625 0.2587890625 0.01953125 0.08203125
0 0.783203125 0.25 0.0166015625 0.0576171875
0 0.8232421875 0.244140625 0.0146484375 0.0576171875
0 0.8837890625 0.1650390625 0.0859375 0.072265625