0 0.1259765625 0.23046875 0.0166015625 0.0224609375
0 0.2412109375 0.251953125 0.0205078125 0.02734375
0 0.2724609375 0.2470703125 0.0166015625 0.025390625
0 0.490234375 0.5419921875 0.41796875 0.62109375
0 0.3173828125 0.25390625 0.0146484375 0.03125
0 0.361328125 0.2568359375 0.0341796875 0.0361328125
0 0.3896484375 0.25 0.0205078125 0.0234375
0 0.7333984375 0.2685546875 0.02734375 0.052734375
0 0.7587890625 0.2685546875 0.033203125 0.052734375
0 0.7861328125 0.263671875 0.0302734375 0.05078125
0 0.9189453125 0.337890625 0.078125 0.1767578125
0 0.9560546875 0.2431640625 0.0869140625 0.029296875
0 0.9912109375 0.26953125 0.0166015625 0.05078125