0 0.1494140625 0.5107421875 0.234375 0.169921875
0 0.080078125 0.7978515625 0.06640625 0.1201171875
0 0.12109375 0.2373046875 0.119140625 0.1142578125
0 0.1162109375 0.8056640625 0.0791015625 0.107421875
0 0.2294921875 0.5537109375 0.0234375 0.0703125
0 0.2568359375 0.5576171875 0.025390625 0.06640625
0 0.3623046875 0.873046875 0.0830078125 0.17578125
0 0.431640625 0.880859375 0.0751953125 0.1748046875
0 0.48046875 0.2587890625 0.16796875 0.2568359375
0 0.47265625 0.5498046875 0.0283203125 0.09375
0 0.5419921875 0.30078125 0.126953125 0.1728515625
0 0.5625 0.869140625 0.0791015625 0.1318359375
0 0.638671875 0.75390625 0.046875 0.1328125
0 0.7080078125 0.759765625 0.03515625 0.1416015625
0 0.7724609375 0.5087890625 0.1572265625 0.107421875
0 0.7548828125 0.7939453125 0.0634765625 0.1650390625
0 0.826171875 0.2333984375 0.0244140625 0.0966796875
0 0.85546875 0.8271484375 0.0498046875 0.181640625
0 0.8583984375 0.23828125 0.0224609375 0.0947265625
0 0.884765625 0.5224609375 0.0400390625 0.1279296875