0 0.0244140625 0.302734375 0.048828125 0.283203125
0 0.1328125 0.2919921875 0.0859375 0.3125
0 0.3466796875 0.623046875 0.478515625 0.56640625
0 0.2666015625 0.23046875 0.22265625 0.265625
0 0.283203125 0.107421875 0.255859375 0.087890625
0 0.40625 0.302734375 0.181640625 0.283203125
0 0.578125 0.2744140625 0.173828125 0.3125
0 0.8486328125 0.2021484375 0.10546875 0.265625
0 0.9384765625 0.201171875 0.087890625 0.27734375
0 0.9482421875 0.24609375 0.103515625 0.28515625
0 0.9921875 0.0859375 0.013671875 0.044921875