0 0.1923828125 0.5927734375 0.0390625 0.083984375
0 0.2236328125 0.4521484375 0.1015625 0.07421875
0 0.240234375 0.333984375 0.064453125 0.078125
0 0.2509765625 0.5888671875 0.037109375 0.0703125
0 0.33203125 0.453125 0.107421875 0.07421875
0 0.3037109375 0.5908203125 0.03515625 0.0703125
0 0.341796875 0.330078125 0.08203125 0.0703125
0 0.361328125 0.5927734375 0.03515625 0.080078125
0 0.4462890625 0.44921875 0.1015625 0.072265625
0 0.4150390625 0.591796875 0.03125 0.072265625
0 0.45703125 0.333984375 0.07421875 0.07421875
0 0.46875 0.591796875 0.02734375 0.068359375
0 0.5576171875 0.451171875 0.099609375 0.068359375
0 0.52734375 0.5869140625 0.029296875 0.064453125
0 0.560546875 0.3359375 0.087890625 0.078125
0 0.58203125 0.5869140625 0.033203125 0.056640625
0 0.666015625 0.4521484375 0.095703125 0.07421875
0 0.6357421875 0.5830078125 0.029296875 0.056640625
0 0.669921875 0.3359375 0.087890625 0.076171875
0 0.6923828125 0.5849609375 0.025390625 0.060546875
0 0.78125 0.44921875 0.091796875 0.07421875
0 0.78125 0.3359375 0.087890625 0.080078125
0 0.751953125 0.5830078125 0.02734375 0.0546875
0 0.806640625 0.5791015625 0.02734375 0.05078125