0 0.2275390625 0.5908203125 0.1171875 0.1171875
0 0.28515625 0.60546875 0.130859375 0.171875
0 0.3046875 0.6337890625 0.08203125 0.060546875
0 0.474609375 0.6142578125 0.19140625 0.18359375
0 0.4931640625 0.642578125 0.125 0.16015625
0 0.6220703125 0.5654296875 0.05078125 0.109375
0 0.6494140625 0.556640625 0.0546875 0.107421875
0 0.7109375 0.5517578125 0.078125 0.08203125
0 0.6875 0.5322265625 0.029296875 0.02734375
0 0.7919921875 0.5517578125 0.08203125 0.099609375
0 0.828125 0.5615234375 0.083984375 0.0859375
0 0.8642578125 0.548828125 0.05078125 0.09375