0 0.3193359375 0.646484375 0.115234375 0.08984375
0 0.3203125 0.4052734375 0.1171875 0.08984375
0 0.318359375 0.283203125 0.111328125 0.099609375
0 0.322265625 0.5283203125 0.111328125 0.095703125
0 0.439453125 0.28515625 0.111328125 0.099609375
0 0.439453125 0.4091796875 0.111328125 0.1015625
0 0.44140625 0.52734375 0.111328125 0.09375
0 0.443359375 0.650390625 0.10546875 0.08984375
0 0.5595703125 0.28515625 0.111328125 0.099609375
0 0.5615234375 0.404296875 0.109375 0.099609375
0 0.564453125 0.529296875 0.109375 0.08984375
0 0.564453125 0.6455078125 0.099609375 0.083984375
0 0.6806640625 0.287109375 0.111328125 0.09765625
0 0.6826171875 0.52734375 0.111328125 0.09765625
0 0.6826171875 0.6484375 0.109375 0.09375
0 0.6845703125 0.404296875 0.107421875 0.087890625