0 0.40625 0.59765625 0.708984375 0.802734375
0 0.0849609375 0.3046875 0.0234375 0.037109375
0 0.11328125 0.3115234375 0.029296875 0.046875
0 0.119140625 0.2958984375 0.0234375 0.0234375
0 0.146484375 0.3349609375 0.025390625 0.046875
0 0.1533203125 0.3056640625 0.0234375 0.037109375
0 0.1826171875 0.3505859375 0.048828125 0.0625
0 0.20703125 0.3310546875 0.033203125 0.0546875
0 0.2353515625 0.3564453125 0.029296875 0.03515625
0 0.263671875 0.3916015625 0.044921875 0.091796875
0 0.275390625 0.36328125 0.037109375 0.044921875
0 0.4677734375 0.3310546875 0.076171875 0.107421875