0 0.060546875 0.4404296875 0.12109375 0.181640625
0 0.130859375 0.767578125 0.177734375 0.181640625
0 0.224609375 0.4814453125 0.171875 0.1953125
0 0.2783203125 0.2353515625 0.171875 0.228515625
0 0.296875 0.7763671875 0.162109375 0.1875
0 0.39453125 0.482421875 0.16796875 0.205078125
0 0.41796875 0.26953125 0.16015625 0.205078125
0 0.4951171875 0.7939453125 0.14453125 0.16796875
0 0.564453125 0.2998046875 0.150390625 0.20703125
0 0.666015625 0.7900390625 0.150390625 0.158203125
0 0.7060546875 0.53515625 0.1328125 0.19921875
0 0.814453125 0.791015625 0.1171875 0.130859375
0 0.921875 0.556640625 0.107421875 0.171875
0 0.9423828125 0.7880859375 0.109375 0.140625