0 0.1611328125 0.5703125 0.091796875 0.130859375
0 0.1826171875 0.572265625 0.0703125 0.130859375
0 0.279296875 0.5771484375 0.107421875 0.13671875
0 0.3037109375 0.578125 0.09765625 0.134765625
0 0.4404296875 0.57421875 0.12890625 0.15625
0 0.458984375 0.5712890625 0.111328125 0.146484375
0 0.482421875 0.5712890625 0.076171875 0.10546875
0 0.5595703125 0.5712890625 0.078125 0.099609375
0 0.58984375 0.5673828125 0.060546875 0.111328125
0 0.66796875 0.5693359375 0.09765625 0.1171875
0 0.6787109375 0.5712890625 0.0859375 0.111328125