0 0.068359375 0.2744140625 0.13671875 0.318359375
0 0.1259765625 0.5517578125 0.251953125 0.52734375
0 0.5 0.4462890625 1 0.892578125
0 0.08203125 0.123046875 0.154296875 0.146484375
0 0.2138671875 0.1689453125 0.208984375 0.234375
0 0.310546875 0.4658203125 0.345703125 0.560546875
0 0.2607421875 0.0625 0.203125 0.125
0 0.3388671875 0.3505859375 0.35546875 0.4921875
0 0.6279296875 0.4326171875 0.13671875 0.48046875
0 0.7802734375 0.4501953125 0.146484375 0.4453125
0 0.88671875 0.6572265625 0.2265625 0.46484375