0 0.2158203125 0.330078125 0.099609375 0.0859375
0 0.2177734375 0.431640625 0.103515625 0.08203125
0 0.1884765625 0.5595703125 0.0390625 0.126953125
0 0.2451171875 0.5517578125 0.0390625 0.111328125
0 0.333984375 0.4365234375 0.103515625 0.078125
0 0.302734375 0.548828125 0.0390625 0.109375
0 0.3349609375 0.3359375 0.099609375 0.080078125
0 0.359375 0.5478515625 0.03515625 0.111328125
0 0.4462890625 0.43359375 0.10546875 0.080078125
0 0.4482421875 0.3330078125 0.10546875 0.080078125
0 0.4189453125 0.544921875 0.0390625 0.111328125
0 0.4765625 0.5478515625 0.037109375 0.11328125
0 0.560546875 0.43359375 0.103515625 0.07421875
0 0.53125 0.5517578125 0.03515625 0.107421875
0 0.5673828125 0.3349609375 0.10546875 0.08203125
0 0.5908203125 0.5498046875 0.033203125 0.107421875
0 0.677734375 0.4365234375 0.10546875 0.080078125
0 0.6826171875 0.3369140625 0.103515625 0.078125
0 0.6494140625 0.548828125 0.029296875 0.109375
0 0.7060546875 0.5458984375 0.03125 0.111328125
0 0.791015625 0.44140625 0.103515625 0.080078125
0 0.796875 0.3349609375 0.107421875 0.080078125
0 0.7607421875 0.546875 0.03125 0.1015625
0 0.8193359375 0.546875 0.03125 0.099609375