0 0.0478515625 0.2373046875 0.09375 0.19140625
0 0.2978515625 0.65625 0.55078125 0.611328125
0 0.095703125 0.1318359375 0.033203125 0.044921875
0 0.142578125 0.4912109375 0.126953125 0.546875
0 0.1044921875 0.1953125 0.029296875 0.068359375
0 0.123046875 0.1484375 0.03515625 0.087890625
0 0.1376953125 0.1455078125 0.03125 0.068359375
0 0.2412109375 0.27734375 0.21484375 0.17578125
0 0.1630859375 0.1435546875 0.03125 0.0625
0 0.1787109375 0.15234375 0.015625 0.0625
0 0.1943359375 0.1474609375 0.017578125 0.05078125
0 0.267578125 0.2041015625 0.138671875 0.0859375
0 0.330078125 0.19921875 0.09765625 0.1171875
0 0.439453125 0.3232421875 0.197265625 0.26953125
0 0.53125 0.197265625 0.078125 0.111328125
0 0.68359375 0.6455078125 0.20703125 0.6640625
0 0.6943359375 0.2490234375 0.21875 0.15625
0 0.669921875 0.1416015625 0.021484375 0.02734375
0 0.69140625 0.158203125 0.0390625 0.044921875
0 0.7900390625 0.2421875 0.125 0.10546875
0 0.884765625 0.5126953125 0.212890625 0.447265625
0 0.9111328125 0.369140625 0.146484375 0.263671875
0 0.912109375 0.216796875 0.123046875 0.07421875
0 0.978515625 0.2177734375 0.041015625 0.08203125
0 0.982421875 0.3232421875 0.033203125 0.166015625