0 0.5 0.6494140625 1 0.69921875
0 0.279296875 0.177734375 0.0390625 0.037109375
0 0.3046875 0.173828125 0.01953125 0.033203125
0 0.3408203125 0.2958984375 0.06640625 0.0546875
0 0.373046875 0.171875 0.109375 0.041015625
0 0.564453125 0.1669921875 0.099609375 0.041015625
0 0.66015625 0.16015625 0.080078125 0.044921875
0 0.724609375 0.1689453125 0.029296875 0.03515625
0 0.7490234375 0.166015625 0.025390625 0.021484375
0 0.7763671875 0.173828125 0.0234375 0.021484375
0 0.8173828125 0.1669921875 0.033203125 0.03515625
0 0.83984375 0.171875 0.013671875 0.02734375
0 0.86328125 0.169921875 0.03515625 0.033203125
0 0.9462890625 0.1669921875 0.025390625 0.029296875
0 0.96875 0.1630859375 0.01953125 0.0234375