0 0.1611328125 0.96484375 0.0859375 0.068359375
0 0.2431640625 0.7236328125 0.21484375 0.2890625
0 0.306640625 0.8056640625 0.208984375 0.333984375
0 0.4150390625 0.822265625 0.171875 0.353515625
0 0.46484375 0.607421875 0.12890625 0.111328125
0 0.5185546875 0.66015625 0.169921875 0.169921875
0 0.6123046875 0.76171875 0.189453125 0.322265625
0 0.6357421875 0.5478515625 0.1015625 0.111328125
0 0.7158203125 0.603515625 0.115234375 0.16796875
0 0.859375 0.673828125 0.201171875 0.234375
0 0.8359375 0.5302734375 0.126953125 0.146484375
0 0.94140625 0.5166015625 0.041015625 0.08984375
0 0.953125 0.4560546875 0.02734375 0.044921875
0 0.9755859375 0.65234375 0.046875 0.138671875