0 0.0888671875 0.1591796875 0.15234375 0.142578125
0 0.10546875 0.390625 0.181640625 0.1640625
0 0.1064453125 0.62109375 0.177734375 0.134765625
0 0.10546875 0.8974609375 0.173828125 0.130859375
0 0.2998046875 0.6259765625 0.1796875 0.140625
0 0.30078125 0.8974609375 0.17578125 0.138671875
0 0.3037109375 0.3935546875 0.1796875 0.1640625
0 0.2978515625 0.158203125 0.150390625 0.146484375
0 0.4931640625 0.388671875 0.185546875 0.16015625
0 0.486328125 0.8984375 0.16015625 0.12109375
0 0.498046875 0.638671875 0.177734375 0.140625
0 0.501953125 0.154296875 0.15625 0.15234375
0 0.6904296875 0.6474609375 0.17578125 0.13671875
0 0.69140625 0.3779296875 0.1796875 0.140625
0 0.6787109375 0.908203125 0.146484375 0.12109375
0 0.6953125 0.1474609375 0.1796875 0.154296875
0 0.8896484375 0.3662109375 0.1875 0.111328125
0 0.890625 0.1435546875 0.1796875 0.166015625
0 0.8876953125 0.654296875 0.171875 0.130859375
0 0.873046875 0.900390625 0.134765625 0.10546875