0 0.078125 0.7275390625 0.123046875 0.138671875
0 0.08203125 0.908203125 0.126953125 0.115234375
0 0.0908203125 0.330078125 0.1171875 0.181640625
0 0.09765625 0.54296875 0.123046875 0.1640625
0 0.095703125 0.130859375 0.08203125 0.150390625
0 0.244140625 0.904296875 0.130859375 0.111328125
0 0.2548828125 0.724609375 0.11328125 0.150390625
0 0.25390625 0.1123046875 0.09375 0.185546875
0 0.26171875 0.5341796875 0.099609375 0.177734375
0 0.2548828125 0.333984375 0.08203125 0.177734375
0 0.4052734375 0.904296875 0.134765625 0.107421875
0 0.4228515625 0.3359375 0.142578125 0.171875
0 0.416015625 0.548828125 0.115234375 0.15234375
0 0.421875 0.732421875 0.125 0.142578125
0 0.4208984375 0.1123046875 0.103515625 0.189453125
0 0.5712890625 0.90234375 0.12890625 0.109375
0 0.5859375 0.73046875 0.140625 0.130859375
0 0.5810546875 0.3291015625 0.1171875 0.177734375
0 0.5830078125 0.119140625 0.103515625 0.1640625
0 0.583984375 0.5341796875 0.091796875 0.171875
0 0.74609375 0.330078125 0.140625 0.177734375
0 0.7373046875 0.8984375 0.1171875 0.10546875
0 0.7431640625 0.5283203125 0.109375 0.1875
0 0.751953125 0.111328125 0.123046875 0.185546875
0 0.7470703125 0.7236328125 0.052734375 0.150390625
0 0.8994140625 0.8974609375 0.123046875 0.1015625
0 0.90234375 0.33203125 0.123046875 0.16796875
0 0.9140625 0.529296875 0.111328125 0.173828125
0 0.9140625 0.1162109375 0.099609375 0.158203125
0 0.908203125 0.7412109375 0.07421875 0.115234375