0 0.1083984375 0.669921875 0.029296875 0.0546875
0 0.140625 0.6552734375 0.025390625 0.052734375
0 0.17578125 0.6416015625 0.025390625 0.048828125
0 0.3681640625 0.576171875 0.408203125 0.29296875
0 0.3125 0.1708984375 0.021484375 0.03515625
0 0.341796875 0.2021484375 0.025390625 0.041015625
0 0.3623046875 0.1611328125 0.03125 0.025390625
0 0.3818359375 0.197265625 0.048828125 0.03125
0 0.4306640625 0.2021484375 0.037109375 0.03125
0 0.47265625 0.1591796875 0.056640625 0.03125
0 0.462890625 0.19140625 0.02734375 0.03125
0 0.5263671875 0.158203125 0.046875 0.029296875
0 0.7255859375 0.56640625 0.37109375 0.265625
0 0.5830078125 0.1533203125 0.060546875 0.0234375
0 0.685546875 0.3486328125 0.025390625 0.044921875
0 0.748046875 0.3369140625 0.021484375 0.0390625
0 0.7744140625 0.357421875 0.01953125 0.037109375
0 0.78515625 0.3076171875 0.017578125 0.025390625
0 0.7900390625 0.33984375 0.025390625 0.044921875