0 0.08984375 0.255859375 0.154296875 0.37109375
0 0.08984375 0.755859375 0.1484375 0.349609375
0 0.2509765625 0.255859375 0.158203125 0.37109375
0 0.2529296875 0.755859375 0.146484375 0.365234375
0 0.4169921875 0.2451171875 0.158203125 0.375
0 0.4189453125 0.755859375 0.1484375 0.349609375
0 0.58203125 0.259765625 0.158203125 0.38671875
0 0.58203125 0.744140625 0.15234375 0.39453125
0 0.74609375 0.251953125 0.16015625 0.37109375
0 0.7509765625 0.7568359375 0.154296875 0.3828125
0 0.912109375 0.76171875 0.154296875 0.384765625
0 0.912109375 0.26171875 0.150390625 0.390625