0 0.1171875 0.4853515625 0.197265625 0.8984375
0 0.2939453125 0.4619140625 0.296875 0.85546875
0 0.41796875 0.46484375 0.162109375 0.87109375
0 0.5732421875 0.287109375 0.041015625 0.0546875
0 0.61328125 0.287109375 0.02734375 0.05078125
0 0.638671875 0.28515625 0.05078125 0.0546875
0 0.6982421875 0.2861328125 0.056640625 0.048828125
0 0.7578125 0.2841796875 0.01953125 0.048828125
0 0.791015625 0.2890625 0.056640625 0.05078125
0 0.83984375 0.73828125 0.072265625 0.3046875
0 0.8583984375 0.73828125 0.10546875 0.296875
0 0.87109375 0.2900390625 0.0390625 0.052734375
0 0.919921875 0.7451171875 0.111328125 0.310546875
0 0.9033203125 0.2890625 0.044921875 0.05078125