0 0.1064453125 0.328125 0.021484375 0.09765625
0 0.15234375 0.345703125 0.0390625 0.07421875
0 0.166015625 0.3427734375 0.02734375 0.0703125
0 0.2568359375 0.3330078125 0.025390625 0.09765625
0 0.279296875 0.33203125 0.021484375 0.099609375
0 0.3798828125 0.3955078125 0.189453125 0.22265625
0 0.3818359375 0.4013671875 0.140625 0.28515625
0 0.439453125 0.2919921875 0.0390625 0.06640625
0 0.44921875 0.302734375 0.05859375 0.091796875
0 0.4765625 0.34375 0.033203125 0.07421875
0 0.591796875 0.34765625 0.046875 0.091796875
0 0.716796875 0.4072265625 0.1953125 0.2109375
0 0.8759765625 0.34375 0.03125 0.087890625
0 0.931640625 0.3720703125 0.13671875 0.232421875
0 0.9111328125 0.34375 0.05078125 0.087890625
0 0.958984375 0.384765625 0.08203125 0.185546875
0 0.9599609375 0.3603515625 0.05859375 0.1953125