0 0.041015625 0.708984375 0.05078125 0.13671875
0 0.087890625 0.6953125 0.05078125 0.146484375
0 0.138671875 0.703125 0.068359375 0.134765625
0 0.2392578125 0.6572265625 0.056640625 0.1015625
0 0.2998046875 0.666015625 0.048828125 0.08203125
0 0.3466796875 0.6591796875 0.04296875 0.08203125
0 0.4111328125 0.6513671875 0.052734375 0.0859375
0 0.458984375 0.689453125 0.064453125 0.13671875
0 0.49609375 0.6845703125 0.060546875 0.1328125
0 0.609375 0.6787109375 0.212890625 0.271484375
0 0.720703125 0.6904296875 0.02734375 0.11328125
0 0.7890625 0.671875 0.06640625 0.154296875