0 0.2041015625 0.39453125 0.111328125 0.072265625
0 0.2099609375 0.5673828125 0.103515625 0.0703125
0 0.32421875 0.400390625 0.115234375 0.068359375
0 0.33203125 0.56640625 0.099609375 0.068359375
0 0.4453125 0.40234375 0.11328125 0.05859375
0 0.44921875 0.5634765625 0.10546875 0.078125
0 0.5693359375 0.408203125 0.10546875 0.0703125
0 0.5712890625 0.560546875 0.09765625 0.076171875
0 0.69140625 0.4169921875 0.109375 0.08203125
0 0.693359375 0.5595703125 0.095703125 0.07421875
0 0.814453125 0.5576171875 0.109375 0.072265625
0 0.814453125 0.4169921875 0.10546875 0.078125