0 0.048828125 0.6025390625 0.09765625 0.197265625
0 0.0947265625 0.5830078125 0.076171875 0.119140625
0 0.212890625 0.615234375 0.08203125 0.224609375
0 0.306640625 0.576171875 0.115234375 0.1484375
0 0.3076171875 0.4765625 0.044921875 0.060546875
0 0.337890625 0.4794921875 0.0234375 0.0546875
0 0.421875 0.6328125 0.17578125 0.2265625
0 0.3671875 0.4765625 0.03125 0.064453125
0 0.62890625 0.5458984375 0.17578125 0.189453125
0 0.77734375 0.525390625 0.08203125 0.0390625
0 0.86328125 0.5283203125 0.111328125 0.0703125