0 0.0166015625 0.6396484375 0.033203125 0.076171875
0 0.0703125 0.6435546875 0.0625 0.07421875
0 0.1689453125 0.5927734375 0.078125 0.1171875
0 0.349609375 0.552734375 0.037109375 0.115234375
0 0.3935546875 0.568359375 0.0859375 0.212890625
0 0.45703125 0.5380859375 0.04296875 0.08203125
0 0.509765625 0.57421875 0.068359375 0.1796875
0 0.560546875 0.578125 0.05859375 0.201171875
0 0.599609375 0.544921875 0.037109375 0.115234375
0 0.640625 0.5224609375 0.037109375 0.06640625
0 0.671875 0.5263671875 0.029296875 0.0625
0 0.6865234375 0.5185546875 0.0234375 0.0625
0 0.73828125 0.5126953125 0.021484375 0.0625
0 0.76171875 0.5166015625 0.033203125 0.0703125
0 0.79296875 0.5185546875 0.0234375 0.0703125
0 0.8466796875 0.51953125 0.013671875 0.072265625
0 0.896484375 0.51171875 0.0234375 0.044921875