0 0.0576171875 0.6181640625 0.07421875 0.16015625
0 0.1923828125 0.896484375 0.138671875 0.205078125
0 0.2861328125 0.89453125 0.1796875 0.208984375
0 0.2578125 0.4697265625 0.119140625 0.107421875
0 0.2646484375 0.4990234375 0.1171875 0.14453125
0 0.2734375 0.51953125 0.111328125 0.189453125
0 0.291015625 0.5625 0.140625 0.20703125
0 0.3779296875 0.9287109375 0.107421875 0.091796875
0 0.6181640625 0.6787109375 0.498046875 0.5
0 0.5419921875 0.3427734375 0.03515625 0.091796875
0 0.8955078125 0.75390625 0.20703125 0.490234375